values = [
    [ 1461492000000, 711420.0],
    [ 1461513480000, 2713086.0],
    [ 1461534960000, 4243241.0],
    [ 1461556440000, 2137160.0],
    [ 1461577920000, 3548398.0],
    [ 1461599400000, 3786044.0],
    [ 1461620880000, 5960922.0],
    [ 1461642360000, 2380227.0],
    [ 1461663840000, 6008225.0],
    [ 1461685320000, 3003187.0],
    [ 1461706800000, 7718243.0],
    [ 1461728280000, 4710061.0],
    [ 1461749760000, 5674177.0],
    [ 1461771240000, 6897850.0],
    [ 1461792720000, 7483640.0],
    [ 1461814200000, 4488460.0],
    [ 1461835680000, 5227065.0],
    [ 1461857160000, 7479690.0],
    [ 1461878640000, 5739438.0],
    [ 1461900120000, 5531076.0],
    [ 1461921600000, 4728297.0],
    [ 1461943080000, 6095312.0],
    [ 1461964560000, 3194145.0],
    [ 1461986040000, 3464728.0],
    [ 1462007520000, 5657437.0],
    [ 1462029000000, 2122630.0],
    [ 1462050480000, 2412812.0],
    [ 1462071960000, 1422292.0],
    [ 1462093440000, 1517638.0],
    [ 1462114920000, 1386484.0],
    [ 1462136400000, 1997190.0],
    [ 1462157880000, 787347.0],
    [ 1462179360000, 1153102.0],
    [ 1462200840000, 6634790.0],
    [ 1462222320000, 1188734.0],
    [ 1462243800000, 377499.0],
    [ 1462265280000, 1426883.0],
    [ 1462286760000, 3556272.0],
    [ 1462308240000, 531602.0],
    [ 1462329720000, 957098.0],
    [ 1462351200000, 2249036.0],
    [ 1462372680000, 3160857.0],
    [ 1462394160000, 3789451.0],
    [ 1462415640000, 299522.0],
    [ 1462437120000, 1325125.0],
    [ 1462458600000, 1800737.0],
    [ 1462480080000, 384264.0],
    [ 1462501560000, 843757.0],
    [ 1462523040000, 487788.0],
    [ 1462544520000, 1597934.0],
    [ 1462566000000, 1640459.0],
    [ 1462587480000, 2831658.0],
    [ 1462608960000, 964003.0],
    [ 1462630440000, 1099492.0],
    [ 1462651920000, 1120628.0],
    [ 1462673400000, 1245576.0],
    [ 1462694880000, 2023342.0],
    [ 1462716360000, 543425.0],
    [ 1462737840000, 1529430.0],
    [ 1462759320000, 2041121.0],
    [ 1462780800000, 1136988.0],
    [ 1462802280000, 1544458.0],
    [ 1462823760000, 495517.0],
    [ 1462845240000, 2960549.0],
    [ 1462866780000, 672444.0],
    [ 1462888260000, 600029.0],
    [ 1462909740000, 1508257.0],
    [ 1462931220000, 1032334.0],
    [ 1462952700000, 2301117.0],
    [ 1462974180000, 2734918.0],
    [ 1462996020000, 3705880.0],
    [ 1463017500000, 2057437.0],
    [ 1463038980000, 3194050.0],
    [ 1463060460000, 1110154.0],
    [ 1463081940000, 3869565.0],
    [ 1463103420000, 1767191.0],
    [ 1463124900000, 2013642.0],
    [ 1463146380000, 1976265.0],
    [ 1463167860000, 4675489.0],
    [ 1463189340000, 2977729.0],
    [ 1463210820000, 3246311.0],
    [ 1463232300000, 4689338.0],
    [ 1463253780000, 3338738.0],
    [ 1463275260000, 2909578.0],
    [ 1463296740000, 2719192.0],
    [ 1463318220000, 3302643.0],
    [ 1463339700000, 3846112.0],
    [ 1463361180000, 6158560.0],
    [ 1463382660000, 2049487.0],
    [ 1463404140000, 6758453.0],
    [ 1463425620000, 9287329.0],
    [ 1463447100000, 3608905.0],
    [ 1463468580000, 3967429.0],
    [ 1463490060000, 4422230.0],
    [ 1463511540000, 8539332.0],
    [ 1463533020000, 8173970.0],
    [ 1463554500000, 5614291.0],
    [ 1463575980000, 648026.0],
    [ 1463597460000, 10846557],
    [ 1463618940000, 4699386.0],
    [ 1463640420000, 12235577],
    [ 1463661900000, 11330804],
    [ 1463683380000, 7629863.0],
    [ 1463704860000, 4498719.0],
    [ 1463726340000, 3858736.0],
    [ 1463747820000, 2732888.0],
    [ 1463769300000, 6920379.0],
    [ 1463790780000, 3051472.0],
    [ 1463812260000, 3885918.0],
    [ 1463833740000, 4230353.0],
    [ 1463855220000, 6566621.0],
    [ 1463876700000, 4853862.0],
    [ 1463898180000, 1320719.0],
    [ 1463919660000, 625940.0],
    [ 1463941140000, 936022.0],
    [ 1463962620000, 867476.0],
    [ 1463984100000, 839558.0],
    [ 1464005580000, 1316348.0],
    [ 1464027060000, 6870967.0],
    [ 1464048540000, 2528612.0],
    [ 1464070020000, 870095.0],
    [ 1464091500000, 1499102.0],
    [ 1464112980000, 6736853.0],
    [ 1464134460000, 2673094.0],
    [ 1464155940000, 7686343.0],
    [ 1464177420000, 3201257.0],
    [ 1464198900000, 6662240.0],
    [ 1464220380000, 2687115.0],
    [ 1464241860000, 6611184.0],
    [ 1464263340000, 4643047.0],
    [ 1464284820000, 6283251.0],
    [ 1464306300000, 4890354.0],
    [ 1464327780000, 14143866],
    [ 1464349260000, 11730868],
    [ 1464370740000, 18308255],
    [ 1464392220000, 9174198.0],
    [ 1464413700000, 8024302.0],
    [ 1464435180000, 4719825.0],
    [ 1464456660000, 2293636.0],
    [ 1464478140000, 3003566.0],
    [ 1464499620000, 1648185.0],
    [ 1464521100000, 700716.0],
    [ 1464542580000, 3117485.0],
    [ 1464564060000, 4461245.0],
    [ 1464585540000, 2368748.0],
    [ 1464607020000, 6183557.0],
    [ 1464628500000, 6469671.0],
    [ 1464649980000, 2287426.0],
    [ 1464671460000, 3201686.0],
    [ 1464692940000, 3936903.0],
    [ 1464714420000, 4836707.0],
    [ 1464735900000, 4436602.0],
    [ 1464757380000, 3703436.0],
    [ 1464778860000, 5867887.0],
    [ 1464800340000, 6720877.0],
    [ 1464821820000, 4539519.0],
    [ 1464843300000, 3769311.0],
    [ 1464864780000, 4811125.0],
    [ 1464886260000, 4531718.0],
    [ 1464907740000, 4063940.0],
    [ 1464929220000, 3059013.0],
    [ 1464950700000, 1909530.0],
    [ 1464972180000, 4926886.0],
    [ 1464993660000, 835917.0],
    [ 1465015140000, 3345380.0],
    [ 1465036620000, 4086309.0],
    [ 1465058100000, 2147484.0],
    [ 1465079580000, 3262017.0],
    [ 1465101060000, 812341.0],
    [ 1465122540000, 1285873.0],
    [ 1465144020000, 1402390.0],
    [ 1465165500000, 658904.0],
    [ 1465186980000, 1192887.0],
    [ 1465208460000, 958266.0],
    [ 1465229940000, 599250.0],
    [ 1465251420000, 2211407.0],
    [ 1465272900000, 1883850.0],
    [ 1465294380000, 1807946.0],
    [ 1465315860000, 3898033.0],
    [ 1465337340000, 433965.0],
    [ 1465358820000, 2632201.0],
    [ 1465380300000, 1537587.0],
    [ 1465401780000, 1599285.0],
    [ 1465423260000, 1812111.0],
    [ 1465444740000, 1478603.0],
    [ 1465466220000, 876380.0],
    [ 1465487700000, 1532050.0],
    [ 1465509180000, 920147.0],
    [ 1465530660000, 713722.0],
    [ 1465552140000, 3082001.0],
    [ 1465573620000, 2518569.0],
    [ 1465595100000, 1862805.0],
    [ 1465616580000, 2643690.0],
    [ 1465638060000, 860456.0],
    [ 1465659540000, 1597304.0],
    [ 1465681020000, 768894.0],
    [ 1465702500000, 819991.0],
    [ 1465723980000, 3498320.0],
    [ 1465745460000, 2652156.0],
    [ 1465766940000, 3708382.0],
    [ 1465788420000, 2582315.0],
    [ 1465809900000, 6574352.0],
    [ 1465831380000, 4500355.0],
    [ 1465852860000, 11533543],
    [ 1465874340000, 9092920.0],
    [ 1465895820000, 16998537],
    [ 1465917360000, 23068433],
    [ 1465938840000, 19210661],
    [ 1465960320000, 21758002],
    [ 1465981800000, 25611579],
    [ 1466003280000, 32247278],
    [ 1466024760000, 35416106],
    [ 1466046240000, 24790863],
    [ 1466067720000, 26005573],
    [ 1466089200000, 26452628],
    [ 1466110680000, 25002459],
    [ 1466132160000, 24794829],
    [ 1466153640000, 27310561],
    [ 1466175120000, 2.995103E+7],
    [ 1466196600000, 27163065],
    [ 1466218080000, 23641961],
    [ 1466239560000, 24649098],
    [ 1466261040000, 17112066],
    [ 1466282520000, 9413274.0],
    [ 1466304000000, 10851857],
    [ 1466325480000, 4799528.0],
    [ 1466346960000, 2190763.0],
    [ 1466368440000, 2376629.0],
    [ 1466389920000, 3455828.0],
    [ 1466411400000, 1535041.0],
    [ 1466432880000, 6089120.0],
    [ 1466454360000, 8055045.0],
    [ 1466475840000, 5909619.0],
    [ 1466497320000, 4982255.0],
    [ 1466518800000, 2556019.0],
    [ 1466540280000, 7779958.0],
    [ 1466561760000, 6829318.0],
    [ 1466583240000, 9919468.0],
    [ 1466604720000, 7469423.0],
    [ 1466626200000, 11767663],
    [ 1466647680000, 1.377853E+7],
    [ 1466669160000, 12667511],
    [ 1466690640000, 12242551],
    [ 1466712120000, 15413417],
    [ 1466733600000, 7490485.0],
    [ 1466755080000, 10371698],
    [ 1466776560000, 19643718],
    [ 1466798040000, 18800596],
    [ 1466819520000, 14274696],
    [ 1466841000000, 11098921],
    [ 1466862480000, 9416111.0],
    [ 1466883960000, 3295312.0],
    [ 1466905440000, 1150799.0],
    [ 1466926920000, 1130533.0],
    [ 1466948400000, 3138447.0],
    [ 1466969880000, 1378237.0],
    [ 1466991360000, 953125.0],
    [ 1467012840000, 2518761.0],
    [ 1467034320000, 3722782.0],
    [ 1467055800000, 3779128.0],
    [ 1467077280000, 2103753.0],
    [ 1467098760000, 770076.0],
    [ 1467120240000, 780719.0],
    [ 1467141720000, 3485647.0],
    [ 1467163200000, 1626982.0],
    [ 1467184680000, 1336936.0],
    [ 1467206160000, 4086683.0],
    [ 1467227640000, 4680184.0],
    [ 1467249120000, 1835191.0],
    [ 1467270600000, 3815195.0],
    [ 1467292080000, 4466999.0],
    [ 1467313560000, 7235593.0],
    [ 1467335040000, 1294555.0],
    [ 1467356520000, 2125434.0],
    [ 1467378000000, 7417647.0],
    [ 1467399480000, 4257722.0],
    [ 1467420960000, 1094138.0],
    [ 1467442440000, 2511294.0],
    [ 1467463920000, 5293502.0],
    [ 1467485400000, 1971796.0],
    [ 1467506880000, 1834632.0],
    [ 1467528360000, 1523921.0],
    [ 1467549840000, 6585826.0],
    [ 1467571320000, 3133586.0],
    [ 1467592800000, 1618574.0],
    [ 1467614280000, 1394265.0],
    [ 1467635760000, 3368112.0],
    [ 1467657240000, 5706531.0],
    [ 1467678720000, 3692240.0],
    [ 1467700200000, 6169768.0],
    [ 1467721680000, 3893777.0],
    [ 1467743160000, 3856403.0],
    [ 1467764640000, 1800507.0],
    [ 1467786120000, 2784779.0],
    [ 1467807600000, 1202458.0],
    [ 1467829080000, 2948454.0],
    [ 1467850560000, 2154431.0],
    [ 1467872040000, 2005518.0],
    [ 1467893520000, 3113910.0],
    [ 1467915000000, 1624370.0],
    [ 1467936480000, 1410191.0],
    [ 1467957960000, 2643875.0],
    [ 1467979440000, 1406529.0],
    [ 1468000920000, 4360308.0],
    [ 1468022400000, 1955945.0],
    [ 1468043880000, 1832123.0],
    [ 1468065360000, 2458059.0],
    [ 1468086840000, 5580084.0],
    [ 1468108320000, 2093254.0],
    [ 1468129800000, 1642363.0],
    [ 1468151280000, 1473720.0],
    [ 1468172760000, 2777730.0],
    [ 1468194240000, 1358481.0],
    [ 1468215720000, 2654682.0],
    [ 1468237200000, 1979553.0],
    [ 1468258680000, 4367567.0],
    [ 1468280160000, 2276570.0],
    [ 1468301640000, 2191529.0],
    [ 1468323120000, 1292248.0],
    [ 1468344600000, 5997126.0],
    [ 1468366080000, 1719727.0],
    [ 1468387560000, 1825377.0],
    [ 1468409040000, 10190179],
    [ 1468430520000, 8750502.0],
    [ 1468452000000, 5507917.0],
    [ 1468473480000, 2051067.0],
    [ 1468494960000, 2655957.0],
    [ 1468516440000, 5594170.0],
    [ 1468537920000, 2519215.0],
    [ 1468559400000, 3724176.0],
    [ 1468580880000, 3017201.0],
    [ 1468602360000, 3350089.0],
    [ 1468623840000, 3432160.0],
    [ 1468645320000, 2826738.0],
    [ 1468666800000, 1984203.0],
    [ 1468688280000, 1880086.0],
    [ 1468709760000, 1765836.0],
    [ 1468731240000, 2238732.0],
    [ 1468752720000, 1639325.0],
    [ 1468774200000, 3402579.0],
    [ 1468795680000, 2363602.0],
    [ 1468817160000, 5211763.0],
    [ 1468838640000, 5420060.0],
    [ 1468860120000, 3483271.0],
    [ 1468881600000, 1600274.0],
    [ 1468903080000, 2650529.0],
    [ 1468924560000, 5034614.0],
    [ 1468946040000, 9040684.0],
    [ 1468967520000, 3892153.0],
    [ 1468989000000, 1560078.0],
    [ 1469010480000, 2469263.0],
    [ 1469031960000, 5393811.0],
    [ 1469053440000, 7563040.0],
    [ 1469074920000, 2853328.0],
    [ 1469096400000, 5661306.0],
    [ 1469117880000, 1508807.0],
    [ 1469139360000, 1886640.0],
    [ 1469160840000, 3581095.0],
    [ 1469182320000, 1716322.0],
    [ 1469203800000, 10811304],
    [ 1469225280000, 7665448.0],
    [ 1469246760000, 8729532.0],
    [ 1469268240000, 3191240.0],
    [ 1469289720000, 1984788.0],
    [ 1469311200000, 1786010.0],
    [ 1469332680000, 1946580.0],
    [ 1469354160000, 2544791.0],
    [ 1469375640000, 1372717.0],
    [ 1469397120000, 3294118.0],
    [ 1469418600000, 2633530.0],
    [ 1469440080000, 3974396.0],
    [ 1469461560000, 3580553.0],
    [ 1469483040000, 5117107.0],
    [ 1469504520000, 4479600.0],
    [ 1469526000000, 4392549.0],
    [ 1469547480000, 7684475.0],
    [ 1469568960000, 6693332.0],
    [ 1469590440000, 5927254.0],
    [ 1469611920000, 11675197],
    [ 1469633400000, 1.043791E+7],
    [ 1469654880000, 10566328],
    [ 1469676360000, 4134782.0],
    [ 1469697840000, 7806841.0],
    [ 1469719320000, 3429460.0],
    [ 1469740800000, 4583129.0],
    [ 1469762280000, 2078509.0],
    [ 1469783760000, 1672624.0],
    [ 1469805240000, 6517762.0],
    [ 1469826720000, 5685754.0],
    [ 1469848200000, 4280465.0],
    [ 1469869680000, 11483564],
    [ 1469891160000, 10469744],
    [ 1469912640000, 11060305],
    [ 1469934120000, 4770331.0],
    [ 1469955600000, 5972704.0],
    [ 1469977080000, 3245711.0],
    [ 1469998560000, 2850725.0],
    [ 1470020040000, 3231365.0],
    [ 1470041520000, 3535783.0],
    [ 1470063000000, 2050773.0],
    [ 1470084480000, 5988548.0],
    [ 1470105960000, 3562558.0],
    [ 1470127440000, 5927465.0],
    [ 1470148920000, 5467440.0],
    [ 1470170400000, 4041272.0],
    [ 1470191880000, 4356569.0],
    [ 1470213360000, 3264195.0],
    [ 1470234840000, 2895369.0],
    [ 1470256320000, 4594243.0],
    [ 1470277800000, 6229236.0],
    [ 1470299280000, 6029205.0],
    [ 1470320760000, 6092583.0],
    [ 1470342240000, 6472032.0],
    [ 1470363720000, 7508655.0],
    [ 1470385200000, 5003806.0],
    [ 1470406680000, 5691233.0],
    [ 1470428160000, 5450388.0],
    [ 1470449640000, 5740893.0],
    [ 1470471120000, 1324496.0],
    [ 1470492600000, 1928164.0],
    [ 1470514080000, 1572317.0],
    [ 1470535560000, 2379615.0],
    [ 1470557040000, 3598426.0],
    [ 1470578520000, 3570802.0],
    [ 1470600000000, 2318218.0],
    [ 1470621480000, 2257013.0],
    [ 1470642960000, 8241658.0],
    [ 1470664440000, 6181128.0],
    [ 1470685920000, 6018456.0],
    [ 1470707400000, 2843639.0],
    [ 1470728880000, 4388283.0],
    [ 1470750360000, 2587209.0],
    [ 1470771840000, 9189868.0],
    [ 1470793320000, 3601811.0],
    [ 1470814800000, 1449601.0],
    [ 1470836280000, 2152687.0],
    [ 1470857760000, 6307601.0],
    [ 1470879240000, 7025034.0],
    [ 1470900720000, 2040845.0],
    [ 1470922200000, 6572463.0],
    [ 1470943680000, 3401062.0],
    [ 1470965160000, 2194457.0],
    [ 1470986640000, 3225034.0],
    [ 1471008120000, 1272546.0],
    [ 1471029600000, 5881852.0],
    [ 1471051080000, 990568.0],
    [ 1471072560000, 1829524.0],
    [ 1471094040000, 1575076.0],
    [ 1471115520000, 2548337.0],
    [ 1471137000000, 1932499.0],
    [ 1471158480000, 1132337.0],
    [ 1471179960000, 1371149.0],
    [ 1471201440000, 1709081.0],
    [ 1471222920000, 1361434.0],
    [ 1471244400000, 6396639.0],
    [ 1471265880000, 2220690.0],
    [ 1471287360000, 2920880.0],
    [ 1471308840000, 10791497],
    [ 1471330320000, 6497488.0],
    [ 1471351800000, 2212155.0],
    [ 1471373280000, 5867298.0],
    [ 1471394760000, 4340639.0],
    [ 1471416240000, 4381667.0],
    [ 1471437720000, 6985213.0],
    [ 1471459200000, 10048897],
    [ 1471480680000, 992070.0],
    [ 1471502160000, 1320766.0],
    [ 1471523640000, 4649231.0],
    [ 1471545120000, 2033034.0],
    [ 1471566600000, 2229478.0],
    [ 1471588080000, 2665015.0],
    [ 1471609560000, 3052472.0],
    [ 1471631040000, 6610427.0],
    [ 1471652520000, 1718554.0],
    [ 1471674000000, 2834475.0],
    [ 1471695480000, 2172525.0],
    [ 1471716960000, 5343392.0],
    [ 1471738440000, 1086313.0],
    [ 1471759920000, 1157334.0],
    [ 1471781400000, 1344406.0],
    [ 1471802880000, 2726640.0],
    [ 1471824360000, 2095190.0],
    [ 1471845840000, 2471374.0],
    [ 1471867320000, 2750026.0],
    [ 1471888800000, 1412556.0],
    [ 1471910280000, 1487856.0],
    [ 1471931760000, 2537571.0],
    [ 1471953240000, 4858935.0],
    [ 1471974720000, 5705210.0],
    [ 1471996200000, 2738442.0],
    [ 1472017680000, 2001622.0],
    [ 1472039160000, 2593129.0],
    [ 1472060640000, 4245894.0],
    [ 1472082120000, 1744693.0],
    [ 1472103600000, 1429092.0],
    [ 1472125080000, 6633589.0],
    [ 1472146560000, 1.105708E+7],
    [ 1472168040000, 6845208.0],
    [ 1472189520000, 3660075.0],
    [ 1472211000000, 1390067.0],
    [ 1472232480000, 9700957.0],
    [ 1472253960000, 4180054.0],
    [ 1472275440000, 2315031.0],
    [ 1472296920000, 2256706.0],
    [ 1472318400000, 2298114.0],
    [ 1472339880000, 3100256.0],
    [ 1472361360000, 2473928.0],
    [ 1472382840000, 1836423.0],
    [ 1472404320000, 1967088.0],
    [ 1472425800000, 1801021.0],
    [ 1472447280000, 1842880.0],
    [ 1472468760000, 2805517.0],
    [ 1472490240000, 2974081.0],
    [ 1472511720000, 6003229.0],
    [ 1472533200000, 1705635.0],
    [ 1472554680000, 6557544.0],
    [ 1472576160000, 6743904.0],
    [ 1472597640000, 6182852.0],
    [ 1472619120000, 6045251.0],
    [ 1472640600000, 4740502.0],
    [ 1472662080000, 2472529.0],
    [ 1472683560000, 3113478.0],
    [ 1472705040000, 3401160.0],
    [ 1472726520000, 2200447.0],
    [ 1472748000000, 6161184.0],
    [ 1472769480000, 1992419.0],
    [ 1472790960000, 1325861.0],
    [ 1472812440000, 1329998.0],
    [ 1472833920000, 3547602.0],
    [ 1472855400000, 1708032.0],
    [ 1472876880000, 1425309.0],
    [ 1472898360000, 3821947.0],
    [ 1472919840000, 2644670.0],
    [ 1472941320000, 3112372.0],
    [ 1472962800000, 1919121.0],
    [ 1472984280000, 1994473.0],
    [ 1473005760000, 2962341.0],
    [ 1473027240000, 1364270.0],
    [ 1473048720000, 1743587.0],
    [ 1473070200000, 6333117.0],
    [ 1473091680000, 7942653.0],
    [ 1473113160000, 7684406.0],
    [ 1473134640000, 4250309.0],
    [ 1473156120000, 3798785.0],
    [ 1473177600000, 3384662.0],
    [ 1473199080000, 2281180.0],
    [ 1473220560000, 1787654.0],
    [ 1473242040000, 1650496.0],
    [ 1473263520000, 3443539.0],
    [ 1473285000000, 2754990.0],
    [ 1473306480000, 3978632.0],
    [ 1473327960000, 5017134.0],
    [ 1473349440000, 2629500.0],
    [ 1473370920000, 4639337.0],
    [ 1473392400000, 3737927.0],
    [ 1473413880000, 5113812.0],
    [ 1473435360000, 2375939.0],
    [ 1473456840000, 2318999.0],
    [ 1473478320000, 3154740.0],
    [ 1473499800000, 1685504.0],
    [ 1473521280000, 3109731.0],
    [ 1473542760000, 1746493.0],
    [ 1473564240000, 1706070.0],
    [ 1473585720000, 1383813.0],
    [ 1473607200000, 1921406.0],
    [ 1473628680000, 1213397.0],
    [ 1473650160000, 3686540.0],
    [ 1473671640000, 1430722.0],
    [ 1473693120000, 4662981.0],
    [ 1473714600000, 2183313.0],
    [ 1473736080000, 7983395.0],
    [ 1473757560000, 2470152.0],
    [ 1473779040000, 2878862.0],
    [ 1473800520000, 4091991.0],
    [ 1473822000000, 2450258.0],
    [ 1473843480000, 2125288.0],
    [ 1473864960000, 2428439.0],
    [ 1473886440000, 3324620.0],
    [ 1473907920000, 2599360.0],
    [ 1473929400000, 3781075.0],
    [ 1473950880000, 6142856.0],
    [ 1473972360000, 2319828.0],
    [ 1473993840000, 3600701.0],
    [ 1474015320000, 2037229.0],
    [ 1474036800000, 2057137.0],
    [ 1474058280000, 1.053456E+7],
    [ 1474079760000, 3956429.0],
    [ 1474101240000, 2321760.0],
    [ 1474122720000, 7330060.0],
    [ 1474144200000, 7806531.0],
    [ 1474165680000, 1841908.0],
    [ 1474187160000, 2788149.0],
    [ 1474208640000, 1831486.0],
    [ 1474230120000, 2464757.0],
    [ 1474251600000, 2287605.0],
    [ 1474273080000, 2271135.0],
    [ 1474294560000, 4049755.0],
    [ 1474316040000, 8561866.0],
    [ 1474337520000, 1899881.0],
    [ 1474359000000, 1606638.0],
    [ 1474380480000, 5464863.0],
    [ 1474401960000, 6145216.0],
    [ 1474423440000, 2432614.0],
    [ 1474444920000, 1617637.0],
    [ 1474466400000, 1494628.0],
    [ 1474487880000, 1665689.0],
    [ 1474509360000, 2096165.0],
    [ 1474530840000, 2202347.0],
    [ 1474552320000, 2563230.0],
    [ 1474573800000, 5010349.0],
    [ 1474595280000, 1458464.0],
    [ 1474616760000, 3267179.0],
    [ 1474638240000, 5300222.0],
    [ 1474659720000, 1937228.0],
    [ 1474681200000, 1782623.0],
    [ 1474702680000, 4292936.0],
    [ 1474724160000, 2144678.0],
    [ 1474745640000, 2600125.0],
    [ 1474767120000, 1157102.0],
    [ 1474788600000, 1081669.0],
    [ 1474810080000, 1805976.0],
    [ 1474831560000, 1567100.0],
    [ 1474853040000, 1093578.0],
    [ 1474874520000, 1022562.0],
    [ 1474896000000, 3506749.0],
    [ 1474917480000, 4265960.0],
    [ 1474938960000, 3232736.0],
    [ 1474960440000, 2217845.0],
    [ 1474981920000, 1843370.0],
    [ 1475003400000, 3595939.0],
    [ 1475024880000, 5979017.0],
    [ 1475046360000, 1604193.0],
    [ 1475067840000, 4303651.0],
    [ 1475089320000, 2270619.0],
    [ 1475110800000, 2767118.0],
    [ 1475132280000, 2832369.0],
    [ 1475153760000, 2261808.0],
    [ 1475175240000, 5406682.0],
    [ 1475196720000, 1956773.0],
    [ 1475218200000, 2970846.0],
    [ 1475239680000, 4823841.0],
    [ 1475261160000, 2947911.0],
    [ 1475282640000, 1744058.0],
    [ 1475304120000, 2051379.0],
    [ 1475325600000, 5910637.0],
    [ 1475347080000, 4349447.0],
    [ 1475368560000, 1708243.0],
    [ 1475390040000, 2486215.0],
    [ 1475411520000, 2132626.0],
    [ 1475433000000, 5842767.0],
    [ 1475454480000, 8986063.0],
    [ 1475475960000, 3334560.0],
    [ 1475497440000, 3478449.0],
    [ 1475518920000, 6554759.0],
    [ 1475540400000, 3075629.0],
    [ 1475561880000, 3037489.0],
    [ 1475583360000, 5660111.0],
    [ 1475604840000, 10917842],
    [ 1475626320000, 4006775.0],
    [ 1475647800000, 2776695.0],
    [ 1475669280000, 5035677.0],
    [ 1475690760000, 3424124.0],
    [ 1475712240000, 2268493.0],
    [ 1475733720000, 1951160.0],
    [ 1475755200000, 4465593.0],
    [ 1475776680000, 2897828.0],
    [ 1475798160000, 1552507.0],
    [ 1475819640000, 4516737.0],
    [ 1475841120000, 1788571.0],
    [ 1475862600000, 3820728.0],
    [ 1475884080000, 1951507.0],
    [ 1475905560000, 1886526.0],
    [ 1475927040000, 3910518.0],
    [ 1475948520000, 2579304.0],
    [ 1475970000000, 1561484.0],
    [ 1475991480000, 2410484.0],
    [ 1476012960000, 2356941.0],
    [ 1476034440000, 2035548.0],
    [ 1476055920000, 1643807.0],
    [ 1476077400000, 1421086.0],
    [ 1476098880000, 1985998.0],
    [ 1476120360000, 15409746],
    [ 1476141840000, 12460758],
    [ 1476163320000, 5720841.0],
    [ 1476184800000, 3140767.0],
    [ 1476206280000, 10078602],
    [ 1476227760000, 12568053],
    [ 1476249240000, 6821431.0],
    [ 1476270720000, 1840770.0],
    [ 1476292200000, 4782146.0],
    [ 1476313680000, 1381649.0],
    [ 1476335160000, 1923846.0],
    [ 1476356640000, 4598080.0],
    [ 1476378120000, 6944817.0],
    [ 1476399600000, 7604998.0],
    [ 1476421080000, 4331475.0],
    [ 1476442560000, 2723215.0],
    [ 1476464040000, 5737834.0],
    [ 1476485520000, 7153916.0],
    [ 1476507000000, 3214915.0],
    [ 1476528480000, 7255779.0],
    [ 1476549960000, 3158125.0],
    [ 1476571440000, 1678809.0],
    [ 1476592920000, 1677382.0],
    [ 1476614400000, 2334614.0],
    [ 1476635880000, 2595140.0],
    [ 1476657360000, 1932805.0],
    [ 1476678840000, 2820572.0],
    [ 1476700320000, 5624588.0],
    [ 1476721800000, 8694322.0],
    [ 1476743280000, 7061978.0],
    [ 1476764760000, 5017733.0],
    [ 1476786240000, 2049098.0],
    [ 1476807720000, 7363192.0],
    [ 1476829200000, 2848638.0],
    [ 1476850680000, 3184156.0],
    [ 1476872160000, 2389291.0],
    [ 1476893640000, 2984934.0],
    [ 1476915120000, 15327767],
    [ 1476936600000, 15595298],
    [ 1476958080000, 8579893.0],
    [ 1476979560000, 8328274.0],
    [ 1477001040000, 7023924.0],
    [ 1477022520000, 2350698.0],
    [ 1477044000000, 1430061.0],
    [ 1477065480000, 3034917.0],
    [ 1477086960000, 1774328.0],
    [ 1477108440000, 1803679.0],
    [ 1477129920000, 6935097.0],
    [ 1477151400000, 1364045.0],
    [ 1477172880000, 2342078.0],
    [ 1477194360000, 1364714.0],
    [ 1477215840000, 1727012.0],
    [ 1477237320000, 2581541.0],
    [ 1477258800000, 7830714.0],
    [ 1477280280000, 3978645.0],
    [ 1477301760000, 1591204.0],
    [ 1477323240000, 5701588.0],
    [ 1477344720000, 8358602.0],
    [ 1477366200000, 13552451],
    [ 1477387680000, 2564471.0],
    [ 1477409160000, 6977585.0],
    [ 1477430640000, 16996098],
    [ 1477452120000, 20157308],
    [ 1477473600000, 20439437.666666668],
    [ 1477495080000, 2.312755E+7],
    [ 1477516560000, 27941875.5],
    [ 1477538040000, 31425859],
    [ 1477559520000, 20901548.666666668],
    [ 1477581000000, 1.795179E+7],
    [ 1477602480000, 8683425.25],
    [ 1477623960000, 1206538.0],
    [ 1477645440000, 3545847.5],
    [ 1477666920000, 3788858.25],
    [ 1477688400000, 1778239.0],
    [ 1477709880000, 2005743.5],
    [ 1477731360000, 5879619.75],
    [ 1477752840000, 2979675.0],
    [ 1477774320000, 2275411.75],
    [ 1477795800000, 3194408.0],
    [ 1477817280000, 2578088.25],
    [ 1477838760000, 1987022.25],
    [ 1477860240000, 2703749.75],
    [ 1477881720000, 2886870.0],
    [ 1477903200000, 4988488.5],
    [ 1477924680000, 4787059.75],
    [ 1477946160000, 3580399.0],
    [ 1477967640000, 2868922.5],
    [ 1477989120000, 1993423.5],
    [ 1478010600000, 4655814.25],
    [ 1478032080000, 5030320.0],
    [ 1478053560000, 7520939.5],
    [ 1478075040000, 9142601.5],
    [ 1478096520000, 4642849.25],
    [ 1478118000000, 3410521.25],
    [ 1478139480000, 3604514.5],
    [ 1478160960000, 4822450.75],
    [ 1478182440000, 1558982.5],
    [ 1478203920000, 6433969.25],
    [ 1478225400000, 3417897.75],
    [ 1478246880000, 6224916.75],
    [ 1478268360000, 3608744.75],
    [ 1478289840000, 7845795.666666667],
    [ 1478311320000, 3905878.75],
    [ 1478332800000, 1970594.25],
    [ 1478354280000, 5197553.5],
    [ 1478375760000, 1896089.25],
    [ 1478397240000, 3673674.5],
    [ 1478418720000, 1646801.5],
    [ 1478440200000, 2276900.5],
    [ 1478461680000, 2761752.75],
    [ 1478483160000, 2810855.5],
    [ 1478504640000, 3623084.5],
    [ 1478526120000, 6342839.5],
    [ 1478547600000, 5320744.5],
    [ 1478569080000, 6433982.75],
    [ 1478590560000, 2188908.25],
    [ 1478612040000, 3173223.0],
    [ 1478633520000, 5195674.0],
    [ 1478655000000, 2203713.5],
    [ 1478676480000, 6657806.25],
    [ 1478697960000, 7273943.0],
    [ 1478719440000, 4144655.25],
    [ 1478740920000, 2126897.75],
    [ 1478762400000, 3104052.75],
    [ 1478783880000, 2923929.25],
    [ 1478805360000, 1573946.5],
    [ 1478826840000, 3569416.25],
    [ 1478848320000, 2478421.0],
    [ 1478869800000, 1796588.0],
    [ 1478891280000, 2138441.75],
    [ 1478912760000, 3991798.75],
    [ 1478934240000, 2374549.25],
    [ 1478955720000, 5495759.5],
    [ 1478977200000, 2175454.25],
    [ 1478998680000, 3188941.0],
    [ 1479020160000, 2540667.5],
    [ 1479041640000, 3251611.5],
    [ 1479063120000, 2873191.25],
    [ 1479084600000, 2756659.5],
    [ 1479106080000, 5446652.25],
    [ 1479127560000, 4770627.75],
    [ 1479149040000, 3035666.5],
    [ 1479170520000, 2604938.75],
    [ 1479192000000, 3258287.5],
    [ 1479213480000, 2377590.75],
    [ 1479234960000, 2675306.25],
    [ 1479256440000, 2387161.25],
    [ 1479277920000, 2891797.0],
    [ 1479299400000, 3526419.75],
    [ 1479320880000, 2519823.0],
    [ 1479342360000, 6402130.25],
    [ 1479363840000, 1930607.5],
    [ 1479385320000, 4014684.0],
    [ 1479406800000, 7124106.25],
    [ 1479428280000, 6319090.5],
    [ 1479449760000, 3443968.5],
    [ 1479471240000, 4782568.5],
    [ 1479492720000, 7676104.0],
    [ 1479514200000, 4033837.0],
    [ 1479535680000, 4122328.0],
    [ 1479557160000, 3989290.5],
    [ 1479578640000, 3356815.75],
    [ 1479600120000, 5822454.333333333],
    [ 1479621600000, 2365974.5],
    [ 1479643080000, 4959876.75],
    [ 1479664560000, 6765509.0],
    [ 1479686040000, 6184917.25],
    [ 1479707520000, 9779996.75],
    [ 1479729000000, 10665887.25],
    [ 1479750480000, 16515673.75],
    [ 1479771960000, 19353795.75],
    [ 1479793440000, 22438084.5],
    [ 1479814920000, 24883423.5],
    [ 1479836400000, 35678286.25],
    [ 1479857880000, 37160322.75],
    [ 1479879360000, 27231002.75],
    [ 1479900840000, 26537849.5],
    [ 1479922320000, 42844304],
    [ 1479943800000, 44679534],
    [ 1479965280000, 41929191.5],
    [ 1479986760000, 41512762],
    [ 1480008240000, 3.527955E+7],
    [ 1480029720000, 30029107],
    [ 1480051200000, 28142800.5],
    [ 1480072680000, 27203896.5],
    [ 1480094160000, 30927484],
    [ 1480115640000, 24291774],
    [ 1480137120000, 20902483.5],
    [ 1480158600000, 17149829],
    [ 1480180080000, 16288740.5],
    [ 1480201560000, 9727760.0],
    [ 1480223040000, 2848446.0],
    [ 1480244520000, 4231713.5],
    [ 1480266000000, 4500010.5],
    [ 1480287480000, 4841352.5],
    [ 1480308960000, 9270104.5],
    [ 1480330440000, 3456906.0],
    [ 1480351920000, 9378921.0],
    [ 1480373400000, 7038891.0],
    [ 1480394880000, 4920148.0],
    [ 1480416360000, 6846929.0],
    [ 1480437840000, 3996608.5],
    [ 1480459320000, 2336882.5],
    [ 1480480800000, 3267758.5],
    [ 1480502280000, 7062547.0],
    [ 1480523760000, 10450059],
    [ 1480545240000, 9408226.5],
    [ 1480566720000, 4541477.5],
    [ 1480588200000, 5912300.0],
    [ 1480609680000, 14524376.5],
    [ 1480631160000, 25966969.5],
    [ 1480652640000, 20772887],
    [ 1480674120000, 24395963],
    [ 1480695600000, 27360868.5],
    [ 1480717080000, 27803599],
    [ 1480738560000, 17878239.5],
    [ 1480760040000, 3642445.5],
    [ 1480781520000, 5133308.5],
    [ 1480803000000, 5196809.0],
    [ 1480824480000, 2391861.0],
    [ 1480845960000, 5778512.0],
    [ 1480867440000, 8263962.0],
    [ 1480888920000, 7373826.5],
    [ 1480910400000, 4528493.5],
    [ 1480931880000, 5186649.0],
    [ 1480953360000, 3823833.5],
    [ 1480974840000, 13494707],
    [ 1480996320000, 15937544],
    [ 1481017800000, 14994240.5],
    [ 1481039280000, 14316734],
    [ 1481060760000, 9461182.0],
    [ 1481082240000, 3406790.5],
    [ 1481103720000, 2960905.0],
    [ 1481125200000, 13913537.5],
    [ 1481146680000, 6303982.5],
    [ 1481168160000, 3510092.0],
    [ 1481189640000, 2998824.0],
    [ 1481211120000, 5193978.5],
    [ 1481232600000, 6317399.5],
    [ 1481254080000, 4214926.5],
    [ 1481275560000, 7962287.5],
    [ 1481297040000, 8768566.0],
    [ 1481318520000, 8888622.0],
    [ 1481340000000, 6394573.0],
    [ 1481361480000, 6902592.0],
    [ 1481382960000, 8911266.0],
    [ 1481404440000, 9108209.5],
    [ 1481425920000, 3295535.0],
    [ 1481447400000, 3366355.5],
    [ 1481468880000, 3833695.0],
    [ 1481490360000, 2855613.5],
    [ 1481511840000, 2950560.5],
    [ 1481533320000, 4367021.0],
    [ 1481554800000, 8581304.0],
    [ 1481576280000, 8769599.0],
    [ 1481597760000, 5309358.0],
    [ 1481619240000, 2808094.5],
    [ 1481640720000, 7185405.5],
    [ 1481662200000, 8690893.0],
    [ 1481683680000, 4732542.5],
    [ 1481705160000, 7068613.5],
    [ 1481726640000, 5019210.0],
    [ 1481748120000, 10246091.5],
    [ 1481769600000, 9562623.0],
    [ 1481791080000, 9275570.0],
    [ 1481812560000, 16014852.5],
    [ 1481834040000, 1.697862E+7],
    [ 1481855520000, 18886891.5],
    [ 1481877000000, 14069919],
    [ 1481898480000, 10945898],
    [ 1481919960000, 12407057],
    [ 1481941440000, 11696112],
    [ 1481962920000, 11827796.5],
    [ 1481984400000, 8830608.0],
    [ 1482005880000, 8352963.0],
    [ 1482027360000, 8326666.0],
    [ 1482048840000, 15188752],
    [ 1482070320000, 6189774.5],
    [ 1482091800000, 11252383],
    [ 1482113280000, 9153307.0],
    [ 1482134760000, 5965782.0],
    [ 1482156240000, 13265197],
    [ 1482177720000, 9167804.0],
    [ 1482199200000, 1.412654E+7],
    [ 1482220680000, 13596931],
    [ 1482242160000, 12152779.5],
    [ 1482263640000, 14241416.5],
    [ 1482285120000, 11103980.5],
    [ 1482306600000, 8685626.5],
    [ 1482328080000, 13329614],
    [ 1482349560000, 18876707],
    [ 1482371040000, 9698817.5],
    [ 1482392520000, 7316485.5],
    [ 1482414000000, 11795878.5],
    [ 1482435480000, 7422393.0],
    [ 1482456960000, 4834183.5],
    [ 1482478440000, 6490066.0],
    [ 1482499920000, 7764066.5],
    [ 1482521400000, 15072349.666666666],
    [ 1482542880000, 11292745.5],
    [ 1482564360000, 13512680.5],
    [ 1482585840000, 10647640.5],
    [ 1482607320000, 9509202.0],
    [ 1482628800000, 2763261.5],
    [ 1482650280000, 4903061.0],
    [ 1482671760000, 3219175.0],
    [ 1482693240000, 3187436.5],
    [ 1482714720000, 2423993.5],
    [ 1482736200000, 2719022.5],
    [ 1482757680000, 2494127.5],
    [ 1482779160000, 7959174.5],
    [ 1482800640000, 5504077.5],
    [ 1482822120000, 5312566.0],
    [ 1482843600000, 4006196.5],
    [ 1482865080000, 4045353.0],
    [ 1482886560000, 3252510.5],
    [ 1482908040000, 2385240.0],
    [ 1482929520000, 4086760.0],
    [ 1482951000000, 3163825.0],
    [ 1482972480000, 3582841.0],
    [ 1482993960000, 4811189.5],
    [ 1483015440000, 5907160.5],
    [ 1483036920000, 9831926.5],
    [ 1483058400000, 4005442.5],
    [ 1483079880000, 3276622.5],
    [ 1483101360000, 4313698.0],
    [ 1483122840000, 3871670.5],
    [ 1483144320000, 3103048.0],
    [ 1483165800000, 3655150.5],
    [ 1483187280000, 3938212.5],
    [ 1483208760000, 3725754.0],
    [ 1483230240000, 2982261.0],
    [ 1483251720000, 2242817.0],
    [ 1483273200000, 2454808.5],
    [ 1483294680000, 2089441.5],
    [ 1483316160000, 11949063.5],
    [ 1483337640000, 10193337],
    [ 1483359120000, 7769904.5],
    [ 1483380600000, 9290323.5],
    [ 1483402080000, 2479402.0],
    [ 1483423560000, 3629967.5],
    [ 1483445040000, 3831861.0],
    [ 1483466520000, 5069389.5],
    [ 1483488000000, 4504218.5],
    [ 1483509480000, 6968136.5],
    [ 1483530960000, 11869453],
    [ 1483552440000, 4019716.0],
    [ 1483573920000, 7822747.0],
    [ 1483595400000, 6528542.0],
    [ 1483616880000, 14496593],
    [ 1483638360000, 29169321],
    [ 1483659840000, 34042632],
    [ 1483681320000, 22636627],
    [ 1483702800000, 23459759],
    [ 1483724280000, 25049198.5],
    [ 1483745760000, 20767992],
    [ 1483767240000, 15131909.5],
    [ 1483788720000, 17940229],
    [ 1483810200000, 16960552],
    [ 1483831680000, 15441523],
    [ 1483853160000, 10600596],
    [ 1483874640000, 13109210.5],
    [ 1483896120000, 10325595],
    [ 1483917600000, 7452997.5],
    [ 1483939080000, 5238617.5],
    [ 1483960560000, 5923250.5],
    [ 1483982040000, 14979395.5],
    [ 1484003520000, 17785533],
    [ 1484025000000, 18506339.5],
    [ 1484046480000, 13939167],
    [ 1484067960000, 10655349],
    [ 1484089440000, 11758199.5],
    [ 1484110920000, 9437958.0],
    [ 1484132400000, 11072029],
    [ 1484153880000, 10877139],
    [ 1484175360000, 10937175],
    [ 1484196840000, 8563215.5],
    [ 1484218320000, 8263748.5],
    [ 1484239800000, 8673297.0],
    [ 1484261280000, 5444246.5],
    [ 1484282760000, 2418157.5],
    [ 1484304240000, 5057330.0],
    [ 1484325720000, 6777149.0],
    [ 1484347200000, 8728855.5],
    [ 1484368680000, 3976841.5],
    [ 1484390160000, 2278708.0],
    [ 1484411640000, 3642491.0],
    [ 1484433120000, 3782903.5],
    [ 1484454600000, 1943745.0],
    [ 1484476080000, 2077845.0],
    [ 1484497560000, 3780038.5],
    [ 1484519040000, 2443606.0],
    [ 1484540520000, 2477665.5],
    [ 1484562000000, 2689052.0],
    [ 1484583480000, 6721212.5],
    [ 1484604960000, 12052561],
    [ 1484626440000, 1927189.5],
    [ 1484647920000, 3395288.0],
    [ 1484669400000, 11811498],
    [ 1484690880000, 5364477.5],
    [ 1484712360000, 2594949.0],
    [ 1484733840000, 1607271.0],
    [ 1484755320000, 4672353.0],
    [ 1484776800000, 5676089.0],
    [ 1484798280000, 4422674.0],
    [ 1484819760000, 2774435.0],
    [ 1484841240000, 2936906.5],
    [ 1484862720000, 1664297.5],
    [ 1484884200000, 1433192.75],
    [ 1484905680000, 2707090.5],
    [ 1484927160000, 1422116.5],
    [ 1484948640000, 2005112.5],
    [ 1484970120000, 1212926.0],
    [ 1484991600000, 1243822.5],
    [ 1485013080000, 2350494.0],
    [ 1485034560000, 2816570.0],
    [ 1485056040000, 2018129.5],
    [ 1485077520000, 1617365.0],
    [ 1485099000000, 4025136.0],
    [ 1485120480000, 2011480.5],
    [ 1485141960000, 2140508.0],
    [ 1485163440000, 7406358.0],
    [ 1485184920000, 9702494.5],
    [ 1485206400000, 24316229.5],
    [ 1485227880000, 34394096],
    [ 1485249360000, 33856284.5],
    [ 1485270840000, 31064234.5],
    [ 1485292320000, 36921648],
    [ 1485313800000, 36059457.5],
    [ 1485335280000, 30765982],
    [ 1485356760000, 27493511.5],
    [ 1485378240000, 22841292],
    [ 1485399720000, 14838644],
    [ 1485421200000, 8082450.0],
    [ 1485442680000, 10230029],
    [ 1485464160000, 9705066.0],
    [ 1485485640000, 3488257.0],
    [ 1485507120000, 3278138.0],
    [ 1485528600000, 1181819.0],
    [ 1485550080000, 1689823.5],
    [ 1485571560000, 1966517.5],
    [ 1485593040000, 6276068.0],
    [ 1485614520000, 2100469.0],
    [ 1485636000000, 10636783.5],
    [ 1485657480000, 12611250.5],
    [ 1485678960000, 8810142.0],
    [ 1485700440000, 1433986.0],
    [ 1485721920000, 1514353.0],
    [ 1485743400000, 7644937.5],
    [ 1485764880000, 8946301.0],
    [ 1485786360000, 15738927],
    [ 1485807840000, 31569101.5],
    [ 1485829320000, 3.076123E+7],
    [ 1485850800000, 22963955],
    [ 1485872280000, 24927089.5],
    [ 1485893760000, 35700655.5],
    [ 1485915240000, 24410773],
    [ 1485936720000, 12402875.5],
    [ 1485958200000, 15762067],
    [ 1485979680000, 21827086.5],
    [ 1486001160000, 10169545.5],
    [ 1486022640000, 11901845],
    [ 1486044120000, 12731391],
    [ 1486065600000, 24539418.5],
    [ 1486087080000, 32928172],
    [ 1486108560000, 3.532427E+7],
    [ 1486130040000, 40350505],
    [ 1486151520000, 37757924],
    [ 1486173000000, 25481461.5],
    [ 1486194480000, 1.79907E+7],
    [ 1486215960000, 18294399.5],
    [ 1486237440000, 29300467.5],
    [ 1486258920000, 22755084.5],
    [ 1486280400000, 11613761.5],
    [ 1486301880000, 25502279.5],
    [ 1486323360000, 26456800.5],
    [ 1486344840000, 20932257],
    [ 1486366320000, 16460816.5],
    [ 1486387800000, 25411632.5],
    [ 1486409280000, 36034328.5],
    [ 1486430760000, 47362002.5],
    [ 1486452240000, 38467762.5],
    [ 1486473720000, 46576692.5],
    [ 1486495200000, 44811211],
    [ 1486516680000, 39984436],
    [ 1486538160000, 38912127],
    [ 1486559640000, 36025246],
    [ 1486581120000, 42693442],
    [ 1486602600000, 38122673],
    [ 1486624080000, 28846742.5],
    [ 1486645560000, 30761885.5],
    [ 1486667040000, 35773381.5],
    [ 1486688520000, 29827403.5],
    [ 1486710000000, 25941057.5],
    [ 1486731480000, 27778834.75],
    [ 1486752960000, 27403581.75],
    [ 1486774440000, 2.461009E+7],
    [ 1486795920000, 16341597.75],
    [ 1486817400000, 17469024.5],
    [ 1486838880000, 16097567.25],
    [ 1486860360000, 13950884.5],
    [ 1486881840000, 6706600.25],
    [ 1486903320000, 6110188.25],
    [ 1486924800000, 6017293.0],
    [ 1486946280000, 3121212.0],
    [ 1486967760000, 7978867.5],
    [ 1486989240000, 9522094.5],
    [ 1487010720000, 12907110.25],
    [ 1487032200000, 12016101.5],
    [ 1487053680000, 2386590.0],
    [ 1487075160000, 5549662.75],
    [ 1487096640000, 12639505],
    [ 1487118120000, 9189427.0],
    [ 1487139600000, 10800604.25],
    [ 1487161080000, 12399358.25],
    [ 1487182560000, 17460422],
    [ 1487204040000, 20022971.333333332],
    [ 1487225520000, 11804432.5],
    [ 1487247000000, 9727218.5],
    [ 1487268480000, 25802959.5],
    [ 1487289960000, 21324023.5],
    [ 1487311440000, 20884066],
    [ 1487332920000, 17023845.5],
    [ 1487354400000, 26065999.5],
    [ 1487375880000, 25711276.5],
    [ 1487397360000, 22386767.333333332],
    [ 1487418840000, 18025680.5],
    [ 1487440320000, 22060644],
    [ 1487461800000, 21241685],
    [ 1487483280000, 9888623.0],
    [ 1487504760000, 12269382.5],
    [ 1487526240000, 16361351],
    [ 1487547720000, 17462948],
    [ 1487569200000, 10981572.5],
    [ 1487590680000, 11711931],
    [ 1487612160000, 23587914],
    [ 1487633640000, 26694153.5],
    [ 1487655120000, 27708903.5],
    [ 1487676600000, 34236879.5],
    [ 1487698080000, 43740787],
    [ 1487719560000, 48800196],
    [ 1487741040000, 45498304],
    [ 1487762520000, 56279121],
    [ 1487784000000, 54439362.5],
    [ 1487805480000, 60495129.5],
    [ 1487826960000, 62966751],
    [ 1487848440000, 59965448],
    [ 1487869920000, 69477052.5],
    [ 1487891400000, 55809659],
    [ 1487912880000, 57531621],
    [ 1487934360000, 55060606],
    [ 1487955840000, 58676531],
    [ 1487977320000, 54274623.333333336],
    [ 1487998800000, 41533447.5],
    [ 1488020280000, 38087333.5],
    [ 1488041760000, 44767421.5],
    [ 1488063240000, 33853353],
    [ 1488084720000, 19486004],
    [ 1488106200000, 23483465.333333332],
    [ 1488127680000, 12878323.5],
    [ 1488149160000, 9219698.0],
    [ 1488170640000, 8157291.0],
    [ 1488192120000, 9655993.0],
    [ 1488213600000, 25265866.5],
    [ 1488235080000, 33293226.5],
    [ 1488256560000, 30520591.5],
    [ 1488278040000, 34520545.5],
    [ 1488299520000, 36385764],
    [ 1488321000000, 42179073],
    [ 1488342480000, 35238713],
    [ 1488363960000, 44472304],
    [ 1488385440000, 50038297.5],
    [ 1488406920000, 5.462263E+7],
    [ 1488428400000, 46492361.5],
    [ 1488449880000, 45227546.5],
    [ 1488471360000, 57363181],
    [ 1488492840000, 63725599],
    [ 1488514320000, 62223355.5],
    [ 1488535800000, 69282166],
    [ 1488557280000, 66738319],
    [ 1488578760000, 64816021.5],
    [ 1488600240000, 55577171.5],
    [ 1488621720000, 55184018.5],
    [ 1488643200000, 54836398.5],
    [ 1488664680000, 60939603],
    [ 1488686160000, 50489267],
    [ 1488707640000, 45070415.5],
    [ 1488729120000, 56770267],
    [ 1488750600000, 50378812],
    [ 1488772080000, 53181237.5],
    [ 1488793560000, 45011022],
    [ 1488815040000, 60889409],
    [ 1488836520000, 64375416.5],
    [ 1488858000000, 57814216],
    [ 1488879480000, 55644474],
    [ 1488900960000, 59691537.5],
    [ 1488922440000, 63521765.5],
    [ 1488943920000, 57577682],
    [ 1488965400000, 53530589.5],
    [ 1488986880000, 54309022],
    [ 1489008360000, 58004911.5],
    [ 1489029840000, 52696573],
    [ 1489051320000, 51597525],
    [ 1489072800000, 50309369.5],
    [ 1489094280000, 53513719.5],
    [ 1489115760000, 48970647],
    [ 1489137240000, 46770705],
    [ 1489158720000, 47364851],
    [ 1489180200000, 56986633.5],
    [ 1489201680000, 49861962.5],
    [ 1489223160000, 46587738.5],
    [ 1489244640000, 63522428],
    [ 1489266120000, 57883534.5],
    [ 1489287600000, 47256922],
    [ 1489309080000, 33017945],
    [ 1489330560000, 28887771],
    [ 1489352040000, 33357141],
    [ 1489373520000, 25008685.5],
    [ 1489395000000, 13568703.5],
    [ 1489416480000, 22463350.5],
    [ 1489437960000, 33940696],
    [ 1489459440000, 2.559685E+7],
    [ 1489480920000, 21545099.5],
    [ 1489502400000, 21134835],
    [ 1489523880000, 28717359],
    [ 1489545360000, 27592185.5],
    [ 1489566840000, 28728047],
    [ 1489588320000, 28233674],
    [ 1489609800000, 25988399],
    [ 1489631280000, 27312192],
    [ 1489652760000, 26447788],
    [ 1489674240000, 29461023],
    [ 1489695720000, 33068641.666666668],
    [ 1489717200000, 28390337.5],
    [ 1489738680000, 24555557.5],
    [ 1489760160000, 2.422304E+7],
    [ 1489781640000, 32382205],
    [ 1489803120000, 23471277],
    [ 1489824600000, 7150770.5],
    [ 1489846080000, 5839759.5],
    [ 1489867560000, 17740195],
    [ 1489889040000, 13586104.5],
    [ 1489910520000, 5463126.5],
    [ 1489932000000, 2468247.5],
    [ 1489953480000, 2403825.0],
    [ 1489974960000, 2205125.5],
    [ 1489996440000, 4645335.5],
    [ 1490017920000, 908103.5],
    [ 1490039400000, 12045681.5],
    [ 1490060880000, 10756109],
    [ 1490082360000, 10235554.5],
    [ 1490103840000, 2630730.0],
    [ 1490125320000, 10993178.5],
    [ 1490146800000, 12269237],
    [ 1490168280000, 9533164.0],
    [ 1490189760000, 10283844],
    [ 1490211240000, 9757989.0],
    [ 1490232720000, 5145476.5],
    [ 1490254200000, 5402925.5],
    [ 1490275680000, 1.16992E+7],
    [ 1490297160000, 12207538.5],
    [ 1490318640000, 3648307.0],
    [ 1490340120000, 3292789.5],
    [ 1490361600000, 3392927.5],
    [ 1490383080000, 2937190.5],
    [ 1490404560000, 952963.0],
    [ 1490426040000, 4451650.0],
    [ 1490447520000, 9561170.0],
    [ 1490469000000, 3272595.0],
    [ 1490490480000, 1161351.0],
    [ 1490511960000, 755748.0],
    [ 1490533440000, 818616.0],
    [ 1490554920000, 1555050.0],
    [ 1490576400000, 410468.5],
    [ 1490597880000, 6368030.5],
    [ 1490619360000, 2041364.5],
    [ 1490640840000, 18006115.5],
    [ 1490662320000, 18431515.5],
    [ 1490683800000, 9835369.0],
    [ 1490705280000, 8059335.5],
    [ 1490726760000, 14384942.5],
    [ 1490748240000, 16110079.5],
    [ 1490769720000, 11401413],
    [ 1490791200000, 16767254],
    [ 1490812680000, 17457049],
    [ 1490834160000, 14924351.5],
    [ 1490855640000, 6604680.5],
    [ 1490877120000, 2630451.0],
    [ 1490898600000, 7455121.5],
    [ 1490920080000, 4120107.0],
    [ 1490941560000, 2940697.0],
    [ 1490963040000, 7665283.5],
    [ 1490984520000, 13187234],
    [ 1491006000000, 12702337.5],
    [ 1491027480000, 8518371.0],
    [ 1491048960000, 11964496.5],
    [ 1491070440000, 10831435.5],
    [ 1491091920000, 8912420.5],
    [ 1491113400000, 356525.0],
    [ 1491134880000, 504415.5],
    [ 1491156360000, 2719475.0],
    [ 1491177840000, 4816168.0],
    [ 1491199320000, 1025570.5],
    [ 1491220800000, 2909123.5],
    [ 1491242280000, 10794995],
    [ 1491263760000, 8691408.0],
    [ 1491285240000, 11483400.5],
    [ 1491306720000, 13753618],
    [ 1491328200000, 20536652],
    [ 1491349680000, 25628027],
    [ 1491371160000, 14224969.5],
    [ 1491392640000, 12085254],
    [ 1491414120000, 13055843.5],
    [ 1491435600000, 14030319],
    [ 1491457080000, 13448706.5],
    [ 1491478560000, 14993168],
    [ 1491500040000, 14605185.5],
    [ 1491521520000, 11594238],
    [ 1491543000000, 11312667],
    [ 1491564480000, 17314922],
    [ 1491585960000, 31641559],
    [ 1491607440000, 43757533.5],
    [ 1491628920000, 36006947.5],
    [ 1491650400000, 26170456],
    [ 1491671880000, 19477754],
    [ 1491693360000, 16436793.5],
    [ 1491714840000, 8102519.5],
    [ 1491736320000, 1541524.5],
    [ 1491757800000, 1174644.0],
    [ 1491779280000, 295084.5],
    [ 1491800760000, 702369.0],
    [ 1491822240000, 3848187.0],
    [ 1491843720000, 10229739.5],
    [ 1491865200000, 11761154],
    [ 1491886680000, 4416891.5],
    [ 1491908160000, 6865865.5],
    [ 1491929640000, 1.040328E+7],
    [ 1491951120000, 15811925.5],
    [ 1491972600000, 14718288.5],
    [ 1491994080000, 11619533.5],
    [ 1492015560000, 16912679.5],
    [ 1492037040000, 21899010.5],
    [ 1492058520000, 18927990.5],
    [ 1492080000000, 22973053],
    [ 1492101480000, 31236884],
    [ 1492122960000, 44365653.5],
    [ 1492144440000, 42856851],
    [ 1492165920000, 41185458.5],
    [ 1492187400000, 38002755.5],
    [ 1492208880000, 33470740.5],
    [ 1492230360000, 26836115.5],
    [ 1492251840000, 17702561.5],
    [ 1492273320000, 15864845],
    [ 1492294800000, 14805127],
    [ 1492316280000, 6151664.5],
    [ 1492337760000, 7823829.5],
    [ 1492359240000, 5259984.0],
    [ 1492380720000, 1180250.5],
    [ 1492402200000, 1687583.0],
    [ 1492423680000, 1450111.0],
    [ 1492445160000, 9349117.0],
    [ 1492466640000, 13938842.5],
    [ 1492488120000, 13183873],
    [ 1492509600000, 8548236.5],
    [ 1492531080000, 15097739.5],
    [ 1492552560000, 21859943],
    [ 1492574040000, 19092002],
    [ 1492595520000, 14115839.5],
    [ 1492617000000, 19328241],
    [ 1492638480000, 21332419.5],
    [ 1492659960000, 19584683.5],
    [ 1492681440000, 19032206],
    [ 1492702920000, 31982146.5],
    [ 1492724400000, 29384852],
    [ 1492745880000, 25008987],
    [ 1492767360000, 16254888],
    [ 1492788840000, 22874295.5],
    [ 1492810320000, 23329357.5],
    [ 1492831800000, 16667399],
    [ 1492853280000, 16899769.5],
    [ 1492874760000, 34525681],
    [ 1492896240000, 26884559.5],
    [ 1492917720000, 22037747.5],
    [ 1492939200000, 14464737.5],
    [ 1492960680000, 13961306.5],
    [ 1492982160000, 9682698.5],
    [ 1493003640000, 3807853.0],
    [ 1493025120000, 8240798.5],
    [ 1493046600000, 1.335941E+7],
    [ 1493068080000, 31952724],
    [ 1493089560000, 33088939.5],
    [ 1493111040000, 27178678],
    [ 1493132520000, 31763039.5],
    [ 1493154000000, 37523683.5],
    [ 1493175480000, 30531595],
    [ 1493196960000, 30538285.5],
    [ 1493218440000, 25982587.5],
    [ 1493239920000, 33169436],
    [ 1493261400000, 26669171],
    [ 1493282880000, 27610887],
    [ 1493304360000, 31618422],
    [ 1493325840000, 42235537],
    [ 1493347320000, 3.940849E+7],
    [ 1493368800000, 37333766],
    [ 1493390280000, 41440634],
    [ 1493411760000, 51249156],
    [ 1493433240000, 39250480.5],
    [ 1493454720000, 32365481.5],
    [ 1493476200000, 23341841.5],
    [ 1493497680000, 25177097.5],
    [ 1493519160000, 21262721.5],
    [ 1493540640000, 17306824.5],
    [ 1493562120000, 6067989.0],
    [ 1493583600000, 12341316],
    [ 1493605080000, 5757620.5],
    [ 1493626560000, 8632751.5],
    [ 1493648040000, 10381568],
    [ 1493669520000, 29304696],
    [ 1493691000000, 21779461.5],
    [ 1493712480000, 22224969.5]
  ]